13 9 13 8 13 7 13 6 12 5 11 5 10 5 9 5 8 5 7 5 6 5 5 5 4 5 
0 0 1 0 2 0 3 1 3 2 3 3 3 4 3 5 3 6 4 7 5 8 6 8 7 8 8 8 9 8 10 9 11 10 
2 10 2 9 2 8 2 7 2 6 2 5 2 4 3 3 3 2 3 1 2 0 1 0 0 1 
7 1 7 2 7 3 7 4 7 5 8 6 8 7 8 8 7 9 
4 0 5 0 6 0 7 0 8 1 9 2 10 3 11 4 11 5 12 6 12 7 12 8 12 9 12 10 12 11 12 12 
8 9 8 8 8 7 8 6 8 5 8 4 8 3 8 2 7 1 6 0 
6 0 6 1 6 2 6 3 7 4 8 5 8 6 8 7 8 8 8 9 
4 11 5 11 6 11 7 11 8 11 9 10 9 9 9 8 9 7 9 6 9 5 9 4 9 3 9 2 8 1 
8 0 8 1 8 2 7 3 7 4 7 5 7 6 7 7 7 8 
10 5 9 5 8 5 7 5 6 6 6 7 6 8 5 9 4 10 3 11 2 10 
11 11 11 10 10 9 9 8 8 7 7 6 6 6 5 6 4 6 3 6 2 5 
2 5 2 6 2 7 3 8 4 9 5 10 6 10 7 10 8 10 9 10 10 9 11 8 
1 2 1 3 2 4 3 4 4 4 5 4 6 4 7 4 8 5 9 6 
5 9 4 8 3 7 2 7 1 6 1 5 2 4 2 3 2 2 3 1 
9 9 8 8 7 7 6 6 5 5 4 5 3 5 2 4 1 3
