0 0 0 1 0 2 0 3 0 4 1 5 2 5 3 5 4 5 5 5 
0 0 1 0 2 0 3 1 3 2 3 3 3 4 3 5 3 6 4 7 5 8 6 9 7 10 8 10 9 10 10 10 11 10 
2 10 3 9 3 8 3 7 3 6 3 5 3 4 3 3 3 2 3 1 2 0 1 0 0 1 
7 1 7 2 7 3 7 4 7 5 8 6 8 7 8 8 7 9 
4 0 5 1 6 1 7 1 8 1 9 2 10 3 11 4 12 5 12 6 12 7 12 8 12 9 12 10 12 11 12 12 
8 9 7 8 7 7 7 6 7 5 7 4 7 3 7 2 7 1 6 0 
6 0 6 1 6 2 6 3 7 4 8 5 8 6 8 7 8 8 8 9 
4 11 5 11 6 11 7 11 8 11 9 10 9 9 9 8 9 7 9 6 9 5 9 4 9 3 9 2 8 1 
8 0 8 1 8 2 7 3 7 4 7 5 7 6 7 7 7 8 
10 5 10 6 10 7 10 8 10 9 9 10 8 11 7 12 6 13 5 13 4 13 3 13 2 12 2 11 2 10 
11 11 11 12 10 13 9 13 8 12 7 11 6 10 5 9 4 8 3 7 2 6 2 5 
2 5 2 6 2 7 3 8 4 9 5 10 6 10 7 10 8 10 9 10 10 9 11 8 
1 2 1 3 2 4 3 4 4 4 5 4 6 4 7 4 8 5 9 6 
5 9 4 8 3 7 2 7 1 6 1 5 2 4 3 3 3 2 3 1 
9 9 8 8 7 7 6 6 5 5 4 4 3 3 2 3 1 3
