15
11 10
0 0 0 0 0 0 0 -1 -1 0 
0 0 0 0 -1 -1 0 -1 -1 0 
0 0 0 0 -1 -1 -1 -1 -1 0 
0 0 0 0 0 0 0 0 0 0 
0 0 0 -1 -1 -1 0 0 0 0 
0 0 0 -1 0 -1 0 0 0 0 
0 0 0 0 -1 -1 0 1 0 0 
0 0 0 0 -1 -1 0 -1 0 0 
0 -1 -1 0 -1 -1 -1 -1 0 0 
0 0 0 0 0 0 -1 0 0 0 
0 0 0 0 0 0 0 0 0 0 
10 8
11 13
0 0 0 0 -1 -1 0 -1 -1 0 0 0 0 
0 0 0 -1 -1 -1 0 -1 0 -1 -1 -1 0 
-1 -1 -1 -1 0 -1 0 0 0 0 0 0 0 
-1 -1 -1 -1 -1 -1 0 0 0 0 0 0 0 
0 0 0 0 -1 -1 0 0 0 0 0 0 0 
0 0 0 0 0 0 0 0 0 -1 -1 0 0 
0 0 -1 -1 0 0 0 0 0 -1 -1 0 0 
0 0 0 0 0 0 0 0 0 0 0 0 0 
0 0 0 -1 0 0 0 0 0 0 0 0 0 
0 -1 -1 -1 0 0 0 -1 -1 0 0 0 0 
0 0 0 0 0 0 0 0 1 0 0 0 0 
4 1
12 12
0 0 0 0 0 0 0 0 0 0 0 0 
0 0 0 0 0 0 0 -1 -1 0 0 0 
-1 -1 -1 -1 0 0 0 -1 -1 0 0 0 
-1 -1 -1 -1 0 0 -1 0 0 0 0 0 
0 0 0 0 0 0 0 -1 -1 -1 0 0 
0 0 0 0 0 0 -1 -1 -1 -1 0 0 
0 0 0 0 0 0 -1 -1 0 1 0 0 
0 0 0 -1 -1 0 -1 -1 0 0 0 0 
0 0 0 -1 -1 0 -1 -1 -1 0 0 0 
0 0 0 -1 -1 0 -1 -1 -1 0 0 0 
0 0 0 0 0 0 0 0 0 0 0 0 
0 0 0 0 0 0 0 0 0 0 0 0 
4 4
12 14
0 0 0 0 0 0 0 0 -1 -1 0 0 0 0 
-1 -1 -1 0 0 0 -1 -1 -1 -1 0 0 0 0 
-1 -1 -1 0 0 -1 -1 -1 -1 -1 -1 -1 0 0 
-1 -1 -1 0 0 -1 -1 -1 -1 0 -1 -1 0 0 
-1 -1 0 0 0 0 -1 -1 -1 0 0 0 0 0 
0 0 0 0 0 0 -1 -1 -1 0 0 0 0 0 
0 0 0 0 0 0 0 0 0 0 -1 -1 0 0 
0 0 0 -1 -1 1 0 0 0 0 -1 -1 0 0 
0 0 0 -1 -1 0 0 0 0 0 0 0 0 0 
0 0 0 0 -1 0 0 0 0 0 0 0 0 0 
0 0 0 0 0 0 0 0 0 0 0 0 0 0 
0 0 0 0 0 0 0 0 0 0 0 0 0 0 
11 2
10 14
0 0 0 -1 -1 0 0 0 0 0 0 0 0 0 
0 0 0 -1 -1 0 0 -1 -1 -1 0 -1 0 0 
0 0 0 0 0 0 0 0 -1 -1 -1 -1 0 0 
0 0 0 0 0 1 0 0 0 0 0 0 0 0 
0 -1 -1 0 0 0 0 0 0 0 0 0 0 0 
0 -1 -1 0 0 0 0 0 0 0 0 0 0 0 
0 0 0 0 0 0 0 0 0 0 0 0 0 0 
-1 -1 -1 0 0 -1 -1 -1 0 -1 0 -1 -1 0 
-1 -1 -1 -1 -1 -1 -1 -1 0 -1 0 -1 -1 0 
0 0 0 0 0 0 0 0 0 0 0 0 0 0 
8 8
12 10
0 0 0 0 0 0 0 0 0 0 
0 0 0 0 0 0 0 0 0 0 
0 0 0 0 0 0 0 0 0 0 
0 0 0 -1 -1 -1 0 0 0 0 
0 0 0 -1 -1 -1 -1 0 0 0 
0 0 -1 -1 -1 -1 -1 0 0 0 
0 0 -1 -1 -1 -1 -1 -1 -1 0 
-1 0 0 0 0 -1 0 -1 -1 0 
-1 0 0 0 0 -1 0 0 0 0 
0 0 0 -1 -1 0 0 0 0 0 
0 -1 -1 -1 -1 0 1 0 0 0 
0 0 0 0 0 0 0 0 0 0 
2 7
12 13
0 0 0 0 0 0 0 0 0 0 0 0 0 
0 0 0 0 0 0 0 0 0 0 0 0 0 
0 0 0 0 0 0 -1 -1 -1 0 1 0 0 
0 0 0 0 0 0 -1 -1 -1 0 0 0 0 
0 0 0 0 0 0 -1 -1 -1 0 0 0 0 
0 0 0 0 0 0 0 0 0 -1 -1 0 0 
0 0 0 0 0 0 0 0 -1 -1 -1 0 0 
0 -1 -1 -1 -1 -1 0 0 -1 -1 -1 0 0 
0 -1 -1 -1 -1 -1 0 0 -1 -1 -1 -1 0 
0 0 0 -1 -1 -1 0 0 0 -1 -1 -1 0 
0 0 0 0 0 0 0 0 0 0 -1 -1 0 
0 0 0 0 0 0 0 0 0 0 0 0 0 
10 1
10 11
0 -1 -1 0 0 0 0 0 0 0 0 
0 -1 -1 0 0 0 0 0 0 1 0 
0 -1 -1 0 0 0 0 0 0 0 0 
-1 -1 -1 -1 -1 0 0 0 0 0 0 
0 -1 -1 -1 -1 0 0 0 0 0 0 
0 -1 -1 -1 -1 0 0 0 0 0 0 
0 0 0 0 0 -1 -1 0 0 0 0 
0 0 0 0 -1 -1 0 0 -1 -1 0 
0 0 0 0 -1 -1 0 0 -1 -1 0 
0 0 0 0 0 0 0 0 0 0 0 
4 6
10 14
0 0 0 0 0 0 0 0 -1 -1 -1 -1 0 0 
-1 0 0 0 0 0 0 0 0 -1 -1 -1 0 0 
0 0 0 1 0 0 0 0 0 -1 -1 -1 0 0 
0 0 -1 -1 0 0 0 0 0 -1 -1 0 0 0 
0 -1 -1 0 0 0 0 0 0 -1 0 0 0 0 
0 -1 -1 -1 -1 -1 -1 0 0 0 0 0 0 0 
0 0 0 0 0 0 0 0 -1 -1 0 -1 0 0 
0 0 0 0 0 0 0 0 -1 -1 0 -1 -1 0 
0 0 0 0 0 0 0 0 0 -1 -1 -1 -1 0 
0 0 0 0 0 0 0 0 0 0 0 0 0 0 
9 9
10 13
-1 0 0 0 0 0 0 0 0 0 -1 -1 0 
-1 0 0 0 0 0 0 0 0 0 -1 -1 0 
0 0 0 0 0 0 -1 -1 0 0 -1 0 0 
0 0 0 -1 -1 0 -1 -1 -1 0 -1 0 0 
0 0 0 -1 -1 0 -1 -1 -1 -1 -1 -1 0 
0 0 0 0 0 0 0 0 0 -1 -1 -1 0 
0 0 -1 -1 0 0 0 0 0 0 0 -1 0 
0 0 -1 -1 0 0 0 0 0 0 0 -1 0 
0 0 0 0 0 0 0 0 0 0 -1 -1 1 
0 0 0 0 0 0 0 0 0 0 0 0 0 
0 7
12 14
0 0 0 0 0 0 0 0 0 -1 -1 0 0 0 
0 0 0 0 0 0 0 0 1 -1 -1 0 0 0 
0 -1 0 0 0 0 0 -1 0 -1 -1 0 0 0 
0 -1 0 0 0 0 0 -1 0 0 0 0 0 0 
0 -1 0 -1 -1 -1 -1 -1 0 0 0 0 0 0 
0 0 0 -1 -1 -1 -1 0 0 -1 -1 0 0 0 
0 0 0 0 0 0 -1 -1 -1 -1 -1 0 0 0 
0 0 0 0 0 0 -1 -1 -1 0 -1 -1 0 0 
0 0 0 0 0 0 0 0 0 -1 -1 -1 0 0 
0 0 0 0 0 0 0 0 -1 -1 -1 -1 0 0 
0 0 0 0 0 0 0 0 -1 -1 -1 -1 0 0 
0 0 0 0 0 0 0 0 0 0 0 0 0 0 
2 3
12 11
0 0 0 0 0 -1 -1 -1 0 0 0 
0 0 0 0 0 -1 -1 -1 0 0 0 
0 0 0 0 0 0 0 0 0 0 0 
0 0 0 0 0 0 0 0 -1 -1 0 
0 0 0 0 -1 -1 0 -1 -1 -1 0 
0 0 0 -1 0 0 0 -1 -1 0 0 
0 0 -1 -1 -1 -1 0 1 0 0 0 
0 0 -1 -1 -1 -1 0 0 -1 0 0 
0 0 0 -1 -1 -1 0 0 -1 0 0 
0 0 0 0 0 0 0 0 -1 -1 0 
0 0 0 0 0 0 0 0 -1 -1 0 
0 0 0 0 0 0 0 0 0 0 0 
1 10
10 12
0 0 0 0 0 0 0 0 0 0 0 0 
0 0 0 0 0 0 0 -1 -1 0 0 0 
-1 -1 0 0 -1 -1 0 0 0 -1 -1 0 
0 0 0 0 -1 -1 0 0 0 0 -1 0 
0 1 0 0 0 -1 -1 -1 0 0 0 0 
0 0 0 0 0 -1 -1 -1 0 0 0 0 
0 0 -1 -1 0 -1 0 0 0 0 0 0 
0 -1 -1 -1 0 -1 -1 -1 -1 0 0 0 
0 -1 -1 0 0 -1 0 -1 0 0 0 0 
0 0 0 0 0 0 0 0 0 0 0 0 
3 6
10 12
0 0 0 0 0 0 0 0 0 -1 -1 0 
0 0 1 0 -1 -1 0 0 0 -1 -1 0 
0 0 0 0 -1 -1 0 0 0 -1 -1 0 
-1 -1 -1 0 0 -1 0 -1 -1 -1 -1 0 
-1 -1 -1 0 0 0 -1 -1 -1 0 0 0 
0 0 0 -1 -1 -1 -1 -1 -1 0 0 0 
0 0 0 0 0 0 0 0 -1 0 0 0 
0 0 0 0 0 0 0 0 0 0 0 0 
0 0 0 0 0 0 0 0 0 0 0 0 
0 0 0 0 0 0 0 0 0 0 0 0 
9 8
11 14
-1 -1 -1 -1 0 0 0 -1 0 0 0 0 0 0 
0 -1 0 0 0 0 0 -1 0 0 -1 -1 0 0 
0 -1 0 0 0 0 0 0 0 0 -1 -1 0 0 
0 -1 -1 0 0 0 0 0 0 0 -1 -1 0 1 
-1 -1 -1 0 0 0 0 0 0 0 -1 -1 0 0 
-1 -1 0 -1 -1 0 0 -1 -1 0 0 0 0 0 
0 0 0 -1 -1 -1 -1 -1 -1 0 0 0 0 0 
0 0 0 0 -1 -1 -1 0 0 0 0 0 0 0 
0 0 0 -1 -1 -1 0 0 0 0 0 0 0 0 
0 0 0 0 0 0 0 0 0 0 0 0 0 0 
0 0 0 0 0 0 0 0 0 0 0 0 0 0 
8 13
