15
10 10
0 0 0 0 0 0 0 0 0 0
0 -1 -1 -1 -1 0 0 0 0 0
-1 0 0 0 -1 0 0 0 0 0
0 0 -1 -1 -1 0 -1 0 0 0
0 0 0 0 0 0 -1 0 0 0
0 0 -1 -1 -1 1 -1 0 0 0
0 0 0 0 0 0 0 0 0 0
0 0 0 0 0 0 0 0 0 0
0 0 0 0 0 0 0 0 0 0
0 0 0 0 0 0 0 0 0 0
0 0
13 11
0 -1 -1 0 0 0 0 0 0 0 0 
0 -1 -1 0 0 0 0 0 0 0 0 
0 -1 -1 0 0 0 0 0 0 0 0 
-1 0 0 0 0 0 0 0 0 0 0 
-1 0 -1 -1 -1 -1 -1 0 0 0 0 
0 0 -1 -1 -1 -1 -1 -1 0 0 0 
0 -1 -1 -1 0 -1 -1 -1 0 0 0 
0 -1 -1 -1 0 0 -1 -1 0 0 0 
0 0 0 0 0 0 -1 0 0 0 0 
0 0 0 0 0 0 -1 0 0 0 0 
0 -1 -1 -1 -1 0 -1 0 0 0 0 
0 0 0 0 0 0 0 0 0 0 1 
0 0 0 0 0 0 0 0 0 0 0 
0 0
10 12
0 1 -1 0 -1 -1 0 0 -1 0 0 0 
0 0 -1 -1 -1 -1 0 0 -1 0 0 0 
0 -1 -1 -1 0 0 0 0 0 0 0 0 
0 0 0 0 0 0 0 0 0 0 0 0 
0 0 0 -1 -1 0 0 0 0 -1 0 0 
0 0 0 -1 -1 0 0 0 0 -1 0 0 
0 -1 -1 0 0 0 0 0 0 0 0 0 
-1 0 0 -1 0 0 0 0 -1 -1 0 0 
-1 0 0 -1 0 -1 -1 0 -1 -1 -1 0 
0 0 0 0 0 0 0 0 0 0 0 0 
2 10
10 10
-1 -1 0 0 0 0 0 0 0 0 
-1 -1 0 0 0 0 0 -1 -1 0 
0 0 -1 0 0 0 0 -1 -1 0 
0 0 -1 -1 0 0 0 0 0 0 
0 0 0 -1 -1 0 0 -1 -1 0 
0 0 0 -1 -1 -1 -1 -1 -1 0 
0 -1 0 0 0 -1 -1 0 0 0 
0 0 0 0 0 0 -1 0 0 1 
0 -1 -1 0 0 0 0 0 0 0 
0 0 0 0 0 0 0 0 0 0 
7 1
14 13
0 0 0 0 0 0 0 0 0 0 0 0 0 
0 0 0 0 0 0 0 0 0 0 0 0 0 
0 0 0 0 0 0 0 0 0 0 0 0 0 
0 0 0 0 0 0 0 0 0 0 0 0 0 
0 0 -1 -1 -1 0 0 0 0 0 0 0 0 
0 0 -1 -1 -1 0 0 0 0 -1 -1 -1 0 
0 0 -1 -1 -1 0 0 0 0 -1 -1 -1 0 
0 0 0 0 0 0 0 0 0 -1 -1 -1 0 
0 0 0 0 -1 -1 -1 0 0 -1 -1 -1 0 
0 0 0 0 -1 -1 -1 0 -1 -1 0 0 0 
-1 -1 -1 0 -1 -1 -1 -1 -1 -1 0 0 0 
-1 -1 -1 0 0 0 -1 -1 -1 0 0 0 0 
-1 -1 -1 0 0 0 0 0 0 0 0 0 1 
0 0 0 0 0 0 0 0 0 0 0 0 0 
4 0
10 10
0 0 0 -1 -1 0 0 0 0 0 
0 -1 -1 -1 -1 0 0 -1 -1 0 
0 0 0 0 0 0 0 0 0 0 
-1 -1 0 0 0 -1 -1 0 0 0 
-1 -1 0 0 0 -1 -1 0 0 0 
-1 -1 -1 -1 0 -1 -1 0 0 0 
1 -1 -1 -1 0 0 0 0 0 0 
0 0 0 0 0 0 0 0 0 0 
0 0 0 0 0 0 0 0 0 0 
0 0 0 0 0 0 0 0 0 0 
8 9
10 11
0 0 0 -1 -1 0 0 0 0 -1 0 
0 0 -1 -1 0 0 -1 -1 0 -1 0 
0 0 -1 -1 0 0 0 0 0 0 0 
0 -1 -1 -1 0 0 0 -1 -1 0 0 
-1 -1 -1 -1 0 0 0 -1 -1 0 0 
-1 -1 0 0 0 0 0 0 0 0 0 
0 0 0 0 0 -1 0 0 -1 -1 0 
0 0 0 -1 0 -1 0 0 -1 -1 0 
0 0 0 -1 0 0 0 0 0 1 0 
0 0 0 0 0 0 0 0 0 0 0 
6 0
12 12
0 0 0 0 0 0 0 0 -1 0 0 0 
0 0 0 0 0 0 0 -1 -1 0 0 0 
0 0 0 0 -1 -1 0 -1 -1 0 0 0 
0 0 0 0 -1 -1 0 -1 -1 0 0 0 
-1 -1 -1 0 0 0 0 -1 -1 0 0 0 
-1 -1 -1 -1 0 0 0 -1 -1 0 0 0 
0 0 -1 -1 0 0 0 0 -1 -1 -1 0 
0 0 0 0 0 0 0 0 -1 -1 -1 0 
0 1 0 0 0 0 -1 -1 -1 -1 -1 0 
-1 0 0 0 0 0 0 0 0 0 0 0 
0 0 0 0 0 0 0 0 0 0 0 0 
0 0 0 0 0 0 0 0 0 0 0 0 
4 11
11 10
0 0 0 0 0 -1 0 0 0 0 
0 0 0 0 0 -1 -1 -1 0 0 
-1 -1 0 0 0 0 -1 -1 0 0 
0 -1 -1 0 0 -1 0 0 0 0 
0 0 -1 -1 -1 -1 -1 0 0 0 
0 0 0 0 0 0 -1 -1 -1 0 
0 0 0 0 0 0 -1 -1 -1 0 
0 -1 -1 0 0 0 0 0 1 0 
0 0 0 -1 -1 0 0 0 0 0 
0 0 0 -1 -1 0 0 0 -1 0 
0 0 0 0 0 0 0 0 0 0 
8 0
11 14
0 0 0 0 0 0 0 0 0 0 0 0 0 0 
0 0 0 -1 -1 0 0 0 -1 -1 0 0 0 0 
0 0 0 -1 -1 0 0 0 -1 -1 1 0 0 0 
0 -1 -1 0 0 -1 -1 -1 -1 -1 -1 0 -1 0 
0 -1 -1 0 0 0 0 -1 -1 -1 0 -1 -1 0 
0 0 -1 0 0 0 0 0 0 0 0 -1 -1 0 
-1 -1 -1 0 0 0 0 0 0 0 0 -1 -1 0 
-1 0 0 0 0 0 -1 -1 0 0 0 0 0 0 
0 0 0 0 0 0 -1 -1 0 0 0 0 0 0 
0 0 0 0 0 0 0 -1 -1 0 0 0 0 0 
0 0 0 0 0 0 0 0 0 0 0 0 0 0 
10 5
12 14
0 0 0 0 0 0 0 0 0 0 0 0 0 0 
0 0 -1 -1 -1 0 0 0 0 0 0 0 0 0 
0 0 -1 -1 -1 1 0 0 0 0 0 0 0 0 
0 0 -1 -1 -1 0 0 0 0 -1 -1 -1 0 0 
0 0 0 -1 -1 -1 0 0 0 -1 -1 -1 0 0 
0 0 0 -1 -1 -1 0 0 0 0 -1 -1 0 0 
0 0 0 0 -1 -1 0 -1 -1 -1 0 0 0 0 
0 0 0 0 -1 -1 0 -1 -1 -1 0 0 0 0 
0 0 0 0 -1 -1 0 0 0 0 -1 -1 0 0 
0 0 0 0 0 0 0 0 0 0 -1 -1 -1 0 
0 0 0 0 0 0 0 0 0 0 -1 -1 -1 0 
0 0 0 0 0 0 0 0 0 0 0 0 0 0 
11 11
13 11
-1 -1 -1 0 0 0 0 0 0 -1 0 
-1 -1 -1 0 0 0 0 0 0 -1 0 
0 0 0 0 0 0 0 0 0 -1 0 
0 0 0 0 0 0 0 0 0 0 0 
0 0 0 0 0 0 0 0 0 0 0 
0 0 0 -1 -1 0 0 0 -1 -1 0 
0 0 0 -1 -1 0 -1 -1 -1 -1 0 
0 0 0 0 0 -1 -1 -1 -1 -1 0 
0 0 0 0 -1 -1 -1 -1 0 0 0 
0 0 0 0 -1 -1 -1 0 0 0 0 
0 0 0 0 -1 -1 -1 0 0 0 0 
0 0 0 0 0 -1 -1 0 1 0 0 
0 0 0 0 0 0 0 0 0 0 0 
2 5
11 14
0 0 0 0 0 0 0 0 0 0 0 0 0 0 
0 0 0 0 0 -1 0 0 0 0 0 0 0 0 
-1 -1 -1 -1 0 -1 -1 0 -1 -1 0 -1 0 0 
-1 -1 -1 0 0 -1 -1 0 -1 -1 0 0 0 0 
0 0 0 0 0 0 0 0 -1 -1 -1 -1 -1 0 
-1 -1 0 0 0 0 0 0 -1 -1 -1 -1 -1 0 
0 0 0 0 0 0 0 0 0 0 0 0 0 0 
-1 0 -1 0 0 0 0 0 0 -1 0 0 0 0 
0 0 -1 0 0 0 0 0 0 -1 0 -1 -1 0 
0 0 -1 0 0 0 1 0 -1 -1 0 0 0 0 
0 0 0 0 0 0 0 0 0 0 0 0 0 0 
1 2
11 10
0 0 0 0 -1 0 -1 -1 -1 0 
0 0 0 0 -1 0 0 0 -1 0 
0 0 0 0 0 -1 -1 0 -1 0 
0 1 0 0 0 -1 -1 0 -1 0 
0 0 0 0 0 -1 0 0 0 0 
0 0 0 0 0 -1 -1 0 0 0 
0 -1 0 0 -1 -1 -1 0 0 0 
0 0 0 0 -1 0 -1 -1 0 0 
0 0 0 -1 -1 0 -1 -1 0 0 
0 0 0 -1 -1 0 0 0 0 0 
0 0 0 0 0 0 0 0 0 0 
5 9
10 10
-1 0 0 0 -1 0 0 -1 -1 0 
0 0 0 1 -1 0 -1 -1 -1 0 
0 0 0 0 0 0 -1 -1 0 0 
0 0 0 0 0 0 0 0 0 0 
0 -1 -1 0 0 0 -1 -1 0 0 
0 -1 -1 0 0 0 -1 -1 0 0 
0 -1 -1 -1 0 0 0 0 0 0 
0 0 -1 -1 -1 0 0 0 0 0 
0 0 -1 -1 -1 0 0 0 0 0 
0 0 0 0 0 0 0 0 0 0 
9 9
