10
19 15
0 0 0 0 0 0 0 0 0 0 0 0 0 0 0 
0 0 0 0 0 0 0 0 0 0 0 0 0 0 0 
0 -1 -1 -1 -1 -1 0 0 0 0 0 0 0 0 0 
0 -1 -1 -1 -1 -1 -1 -1 -1 0 0 0 0 0 0 
-1 -1 -1 -1 -1 -1 -1 -1 -1 0 0 0 0 0 0 
-1 -1 -1 -1 -1 -1 -1 -1 -1 0 0 0 0 0 0 
-1 -1 -1 -1 0 -1 -1 -1 -1 0 0 0 0 0 0 
-1 -1 -1 -1 0 -1 -1 -1 -1 0 0 0 0 0 0 
0 0 0 0 0 0 0 0 0 0 0 0 0 0 0 
0 0 0 0 0 0 0 0 0 0 0 0 0 0 0 
0 0 0 0 0 0 0 0 0 0 0 0 0 0 0 
0 0 0 -1 -1 0 0 0 0 0 0 0 0 0 0 
0 0 0 -1 -1 0 0 0 0 0 0 0 0 0 0 
0 0 0 -1 -1 0 0 0 0 0 0 0 0 0 0 
0 0 0 0 0 0 0 0 0 0 -1 -1 -1 -1 0 
0 0 0 0 0 0 0 0 0 0 -1 -1 -1 -1 0 
0 0 0 0 0 0 0 0 0 0 -1 -1 -1 -1 0 
0 0 0 0 0 0 0 0 0 0 -1 -1 -1 -1 0 
0 0 0 0 1 0 0 0 0 0 0 0 0 0 0 
13 7
15 10
0 0 0 0 0 0 0 0 0 0 
0 0 0 0 0 0 0 0 0 0 
0 -1 -1 -1 0 0 0 0 0 0 
0 -1 -1 -1 0 0 0 0 0 0 
-1 -1 -1 -1 0 0 0 0 0 0 
-1 -1 0 0 0 0 0 0 0 0 
-1 -1 0 0 0 0 0 0 0 0 
0 0 0 1 0 0 0 0 0 0 
0 -1 -1 -1 0 0 0 0 0 0 
0 -1 -1 -1 0 0 -1 -1 -1 0 
0 -1 -1 -1 0 0 -1 -1 -1 0 
0 0 0 0 0 0 -1 -1 -1 0 
0 0 0 0 0 0 0 0 0 0 
0 0 0 0 0 0 0 0 0 0 
0 0 0 0 0 0 0 0 0 0 
2 5
11 19
0 0 0 -1 -1 0 0 0 0 0 0 0 0 0 0 0 -1 -1 0 
0 0 0 -1 -1 0 0 0 0 0 0 0 -1 0 0 0 -1 -1 0 
0 -1 -1 0 0 0 -1 -1 -1 0 0 0 0 0 0 0 0 0 0 
0 0 0 0 0 0 -1 -1 -1 0 0 -1 -1 0 0 0 0 0 0 
0 0 0 0 0 0 -1 -1 -1 0 0 0 0 -1 0 0 -1 -1 0 
0 0 -1 0 0 0 0 0 0 0 0 0 0 0 0 0 -1 -1 0 
0 0 0 0 0 0 0 1 0 0 -1 -1 0 0 0 0 0 0 0 
0 0 0 0 0 0 0 0 0 0 -1 -1 0 0 0 0 0 0 0 
0 -1 0 0 0 -1 -1 0 0 0 0 0 0 0 0 0 -1 -1 0 
0 -1 0 0 0 -1 -1 0 0 0 0 0 0 0 0 0 -1 -1 0 
0 0 0 0 0 0 0 0 0 0 0 0 0 0 0 0 0 0 0 
8 13
13 14
0 0 0 -1 -1 -1 0 0 0 0 0 0 0 0 
0 0 0 -1 -1 -1 0 0 0 0 0 0 0 0 
0 0 0 0 0 0 -1 -1 -1 0 0 0 0 0 
0 0 0 0 -1 -1 -1 -1 -1 0 0 0 0 0 
0 0 -1 -1 -1 0 0 0 0 0 -1 -1 0 0 
0 0 0 0 0 0 0 0 0 0 -1 -1 0 0 
0 0 0 0 0 0 0 0 0 0 -1 -1 0 0 
0 0 0 0 0 0 0 0 0 -1 -1 -1 0 0 
0 0 0 0 0 0 0 1 0 -1 -1 -1 0 0 
0 0 0 0 0 0 0 0 0 -1 -1 0 0 0 
0 -1 -1 0 0 0 0 0 0 -1 -1 0 0 0 
0 -1 -1 0 0 0 0 0 0 0 0 0 0 0 
0 0 0 0 0 0 0 0 0 0 0 0 0 0 
5 2
19 10
0 0 0 -1 -1 -1 0 0 0 0 
0 0 0 -1 -1 -1 0 0 0 0 
0 0 0 -1 -1 -1 0 0 0 0 
0 0 0 -1 -1 -1 -1 -1 -1 0 
0 0 0 -1 -1 -1 -1 -1 -1 0 
0 0 0 0 -1 -1 -1 -1 -1 0 
0 0 0 0 0 0 0 0 0 0 
0 0 0 0 0 0 0 0 0 0 
0 0 0 0 0 0 0 0 0 0 
0 0 0 0 0 -1 -1 0 0 0 
0 0 0 0 -1 -1 -1 -1 0 0 
1 0 0 0 -1 -1 -1 -1 0 0 
0 0 0 0 -1 -1 -1 -1 0 0 
0 0 0 0 -1 -1 -1 -1 0 0 
0 0 0 0 0 0 0 0 0 0 
0 0 0 0 0 0 0 0 0 0 
0 0 0 0 0 0 0 0 0 0 
0 0 0 0 0 0 0 0 0 0 
0 0 0 0 0 0 0 0 0 0 
8 5
14 17
0 0 0 0 0 0 0 0 0 0 0 0 0 0 0 0 0 
0 0 0 0 0 0 0 0 0 0 0 0 0 0 0 0 0 
0 0 0 0 0 0 0 -1 -1 -1 0 0 0 0 0 0 0 
0 0 0 0 0 0 0 -1 -1 -1 0 0 0 0 0 0 0 
0 0 0 0 0 -1 -1 -1 -1 -1 0 0 0 0 0 0 0 
0 0 -1 -1 0 -1 -1 0 0 0 0 0 0 0 0 0 0 
0 0 -1 -1 0 -1 -1 0 0 0 0 0 0 0 0 0 0 
0 0 -1 -1 -1 -1 -1 0 0 0 0 -1 -1 0 0 0 0 
0 -1 -1 0 -1 -1 -1 0 0 0 0 -1 -1 0 0 0 0 
0 -1 -1 0 0 0 0 0 0 0 0 -1 -1 0 0 0 0 
0 0 0 0 0 0 0 0 0 0 -1 -1 -1 1 0 0 0 
-1 -1 0 0 0 0 0 0 0 0 -1 -1 -1 0 0 0 0 
-1 -1 0 0 0 0 0 0 0 0 -1 -1 -1 0 0 0 0 
0 0 0 0 0 0 0 0 0 0 0 0 0 0 0 0 0 
4 14
10 12
0 -1 0 0 0 -1 -1 0 0 0 0 0 
0 -1 0 0 0 -1 -1 -1 -1 0 0 0 
0 0 0 -1 0 0 0 0 -1 0 0 0 
0 0 0 -1 0 0 0 0 0 0 0 0 
0 0 0 0 0 -1 -1 0 -1 -1 0 0 
-1 -1 0 0 -1 0 0 0 0 0 0 0 
0 -1 -1 0 1 0 0 0 0 0 0 0 
-1 -1 -1 0 0 0 0 0 0 0 0 0 
0 0 -1 -1 0 0 0 0 0 0 0 0 
0 0 0 0 0 0 0 0 0 0 0 0 
1 3
15 19
0 0 0 0 0 0 0 0 0 0 0 0 0 0 0 0 0 0 0 
0 0 0 0 0 0 0 0 0 0 0 0 0 0 0 0 0 0 0 
0 0 0 -1 -1 0 0 0 -1 -1 -1 -1 -1 -1 0 0 0 0 0 
0 0 0 -1 -1 0 0 0 -1 -1 -1 -1 -1 -1 0 0 0 0 0 
0 0 0 -1 -1 0 0 0 0 0 0 -1 -1 -1 0 0 0 0 0 
0 0 0 -1 -1 -1 -1 -1 -1 0 0 0 0 0 0 0 0 0 0 
0 0 0 0 -1 -1 -1 -1 -1 0 0 0 0 0 0 0 0 0 0 
0 0 0 0 -1 -1 -1 0 0 0 0 1 0 0 0 0 0 0 0 
-1 -1 0 0 0 0 0 0 0 0 0 0 -1 -1 0 0 0 0 0 
-1 -1 0 0 0 0 0 0 0 -1 -1 -1 -1 -1 0 0 0 0 0 
-1 -1 0 0 0 0 0 0 0 -1 -1 -1 -1 -1 0 0 0 0 0 
0 0 0 0 0 0 -1 -1 0 -1 -1 -1 -1 0 0 0 0 0 0 
0 0 0 0 0 0 -1 -1 0 0 0 0 0 0 0 0 0 0 0 
0 0 0 0 0 0 -1 -1 0 0 0 0 0 0 0 0 0 0 0 
0 0 0 0 0 0 0 0 0 0 0 0 0 0 0 0 0 0 0 
12 14
15 17
0 0 0 0 0 0 0 0 0 0 -1 -1 0 0 0 0 0 
0 0 0 0 0 0 0 0 0 0 -1 -1 0 0 0 0 0 
0 0 0 0 0 0 0 0 0 0 0 0 0 0 0 0 0 
0 0 0 0 0 0 0 -1 -1 -1 0 0 0 0 0 0 0 
0 0 -1 -1 -1 0 0 -1 -1 -1 0 0 0 0 -1 -1 0 
0 0 -1 -1 -1 0 0 0 0 0 0 0 -1 -1 -1 -1 0 
0 0 0 0 0 0 -1 -1 0 -1 -1 -1 -1 -1 -1 -1 0 
0 0 0 0 0 0 -1 -1 0 -1 -1 -1 -1 -1 -1 -1 0 
0 0 0 0 0 0 0 0 0 -1 -1 -1 0 0 -1 -1 0 
0 0 0 0 0 0 0 0 0 -1 -1 -1 0 0 -1 -1 0 
0 0 0 0 0 0 0 0 0 0 0 0 0 0 0 0 0 
0 0 0 0 0 0 0 0 0 0 0 0 0 0 0 0 0 
0 0 0 0 0 0 0 0 0 0 0 -1 -1 -1 0 0 0 
0 0 0 0 0 0 1 0 0 0 0 -1 -1 -1 0 0 0 
0 0 0 0 0 0 0 0 0 0 0 0 0 0 0 0 0 
14 0
15 15
0 0 0 0 0 -1 -1 -1 0 0 0 0 0 0 0 
0 0 0 0 0 -1 -1 -1 0 0 0 0 0 0 0 
0 0 0 0 0 0 0 0 0 0 0 0 0 0 0 
0 0 0 0 0 0 -1 -1 -1 0 0 0 0 0 0 
-1 -1 0 0 0 0 -1 -1 -1 0 0 0 0 0 0 
-1 -1 0 0 0 0 -1 -1 -1 -1 -1 -1 0 0 0 
-1 -1 -1 -1 0 0 0 0 0 -1 -1 -1 0 0 0 
0 0 -1 -1 0 0 0 -1 -1 -1 -1 -1 0 1 0 
0 0 0 0 0 0 0 -1 -1 -1 -1 -1 0 0 0 
0 0 0 0 0 0 0 0 0 0 -1 -1 0 0 0 
0 0 0 0 0 -1 -1 0 0 0 0 0 0 0 0 
0 0 0 0 0 -1 -1 0 0 0 0 0 0 0 0 
0 0 0 0 0 0 0 0 0 0 0 0 0 0 0 
0 0 0 0 0 0 0 0 0 0 0 0 0 0 0 
0 0 0 0 0 0 0 0 0 0 0 0 0 0 0 
2 11
